28928
8800
52704
64416
26256
32000
63664
56480
1928
54920
32952
46304
39720
50584
45912
44560
51936
64496
10184
29328
58944
28208
62520
41856
48856
48592
60776
42960
60424
64304
3808
47168
45737
10385
65305
1713
37673
30273
62417
21521
65321
18641
62393
32425
1489
65449
4657
7817
12441
8545
48689
34705
55297
4169
54169
5281
33881
9465
19537
5417
63281
56401
39993
1401
19602
8362
40946
32450
4098
10682
63066
59002
34754
64658
9058
58530
38362
63570
35826
52954
22370
63250
25498
15130
39074
33154
38698
2498
61210
13978
39370
25450
51442
50666
25002
46354
59667
54675
46195
4171
10963
44611
26251
20163
45483
5491
59691
19219
51483
57555
63067
20891
41683
63667
6283
9555
13963
53715
28771
61827
0
0
0
0
0
0
0
0
24380
17884
24324
9108
61676
22772
42004
14668
58228
15972
5868
27156
19372
16060
47292
32532
58660
33924
4900
59188
15028
36468
4708
58844
49660
62452
59300
56004
50532
22404
60364
44964
11117
28549
63525
54253
58013
17677
30349
13653
50077
269
20981
38669
45637
34845
6101
8149
41421
33645
22173
14829
60173
2141
34117
59533
42261
19245
813
49013
0
0
0
0
57998
47894
52782
63510
45278
64198
46454
26830
28438
24142
63270
54518
20614
40166
16326
45502
22566
9022
8518
56438
0
0
0
0
0
0
0
0
0
0
0
0
30711
38775
2919
27159
52335
19575
46295
7487
61103
29687
47999
37063
8599
45975
51031
7663
49655
13607
18455
10447
23319
64487
26791
64127
37799
57047
23111
49247
7767
39543
58975
8535